cluster,m1.C1,m1.C2,m1.C3,m1.C4,m1.C5,m1.C6,m1.C7,m1.C8,m1.C9,m2.C1,m2.C2,m2.C3,m2.C4,m2.C5,m3.C1,m3.C2,m3.C3,m3.C4,m3.C5,m3.C6,m3.C7,m3.C8,m3.C9,m3.C10,m3.C11,m3.C12,m3.C13,m4.C1,m4.C2,m4.C3,m4.C4,m4.C5,m4.C6,m4.C7,m4.C8,m4.C9,m4.C10,m4.C11,m4.C12,m4.C13,m4.C14,m5.C1,m5.C2,m5.C3,m5.C4,m5.C5,m5.C6,m5.C7,m5.C8,m5.C9,m6.C1,m6.C2,m6.C3,m6.C4,m6.C5,m6.C6,m7.C1,m7.C2,m7.C3,m7.C4,m7.C5,m7.C6,m7.C7,m8.C1,m8.C2,m8.C3,m8.C4,m8.C5,m8.C6,m8.C7
m1.C1,0,0.1600452828215817,0.3283695949008313,0.4655574716341021,0.3630454408776074,0.3123305608502348,0.404504717148501,0.9360838371227285,0.9265915012738973,0.06868113522028718,0.37907315910769246,0.35475805999999344,1.357004396725768,0.47201116821756894,0.031185049551514132,0.4950763663832699,0.36750369442606623,0.20013071322737586,0.9541784783577997,1.8339852292737886,1.463173154832934,1.3748114646436702,1.374681331499916,0.9772559157267571,1.4282620984667054,1.2688800785348002,0.8380445068670894,0.0075010587107113835,0.29027574534575773,0.1328209463957104,0.5763065091838976,0.45539431074138437,0.32753796261473245,1.2124793344532387,0.2586363009389946,0.6862262083738273,0.8931765695604115,1.2565155353407078,0.96992921520277,1.6408175401392882,1.3743221089160518,0.04759030861138436,0.1439183968053115,0.748445480594937,0.3526416733671335,0.630197288966813,1.5494436424683404,1.1763795703840054,1.3053669273622237,1.7225183981434384,0.016740679135396563,0.3108861500160468,1.3590275951302062,1.144766732273305,0.28377737813200776,1.806633964880825,0.004015638840007663,0.15906681017081437,0.5354220866380499,0.7475484110788964,0.4820393651790701,1.3764665978439028,1.8234845770016015,0.28989501439743937,0.009489709398677326,0.7560226982363593,1.3907985848145028,1.7709138400217386,1.5443375047508843,1.2833447165359582
m1.C2,0.1600452828215817,0,0.21426825101742775,0.35496403470172155,0.614848725980557,0.46491412121990416,0.6282715135886346,0.8019582810619408,1.1814830971291568,0.07801638662151311,0.26010487611317845,0.41395422791577585,1.1826069484567037,0.419287770664592,0.07706143887128969,0.41498709615532525,0.5746344692178862,0.5329870881786198,1.0835470217223935,1.839517725778974,1.405170176021193,1.3772218604100184,1.627347339879174,1.3063213489621197,1.4829470478458124,1.5734292300196873,0.8542684612332672,0.1268889350652651,0.1988530665718743,0.20796288268468044,0.44872742797223797,0.5915091818786737,0.42925221523762747,1.0724968669628794,0.36176438662923904,0.8845676681954106,0.8460578526144243,1.2345489191460208,1.1609778841303304,1.501111156004369,1.2910518162486395,0.11631220022102562,0.2879297912858104,0.5197365622846478,0.4780216548350279,0.7919027815709714,1.3747728198407758,1.2889329203432944,1.2709805227620214,1.651449020636885,0.15991421283052643,0.3150234103608399,1.5433743962040356,1.6066803681447197,0.7709077247229348,1.9182907194753904,0.20275038334191042,0.16925687312841609,0.7996236993802632,1.1906614282619783,1.0116535318474713,1.6195758889729157,1.8945383040423291,0.19979668232578152,0.1971752395798072,1.0706871757501741,1.610547529555049,1.8685521918753767,1.8172878429671508,1.7158271604892916
m1.C3,0.3283695949008313,0.21426825101742775,0,0.06750210783180932,0.3397813803084654,0.17982107531205793,0.46227402646399773,0.31845189899092485,0.8043814777736009,0.27921491292884515,0.05461023146420174,0.30447657747785084,0.8408436892334975,0.2432102041888048,0.20837478068840187,0.052227119475730444,0.25937746024508734,0.4389111296968743,0.6535731627924466,1.3876597967684003,0.9493652759557375,0.8695253019214935,1.1961950698722446,0.8671634588645418,1.002444868679917,1.397537953040132,0.3906629263553103,0.3175691902012181,0.6779293580341785,0.5766390052248095,0.06692558070535903,0.35511199149795025,0.16452199872439865,0.5662750929134736,0.2189744504159814,0.5868421995787456,0.4002325486133007,0.7458805403008923,0.8616882912873249,1.2595814560742289,0.829438173209524,0.4359523131826176,0.1348731513997523,1.0961837022695013,0.27501401032506845,0.32827278467601984,0.8230370975483166,0.7262851788207186,0.9377202262014929,1.252317023976839,0.40052406317570566,1.0992199921747956,0.6652407301692829,1.0386290731795382,0.502231112751897,1.300612967958134,0.4887867630966285,0.8406732074819826,0.18826965166538356,0.5322813192797562,0.5813821491450857,0.7744814032863394,1.2514491585800083,0.9471284118261993,0.42380134590640495,0.3553199491113883,0.7554691534774719,1.167106079364189,1.1504000656750724,1.034752841656396
m1.C4,0.4655574716341021,0.35496403470172155,0.06750210783180932,0,0.2590856942513252,0.17046387440583133,0.45522643018516196,0.21002330162401217,0.6522629347337455,0.46881721368082885,0.13938104076583147,0.4081976945938025,0.7227044332810095,0.3939198622872967,0.3485595949821395,0.0623837230857357,0.2860984326728885,0.5375942685141074,0.5903609452072187,1.2196499760599893,0.8365512236822572,0.718874184860517,1.0361798459963418,0.8505100071846189,0.8815655891860684,1.2970425656621885,0.24323894873936125,0.4773335045466741,0.8702249613199025,0.7389657756120318,0.09213842213291767,0.46760263228960397,0.2257461291003915,0.4400069020877664,0.2547310198281012,0.5183913613775218,0.2518012015686685,0.6237377181890266,0.7747970189798216,1.1089851075827168,0.6818727102761619,0.5674228608250329,0.20099319798999415,1.1921398417023472,0.25509516122138376,0.26320190561109214,0.6767125618878406,0.5752442115481677,0.7726393682713646,1.0664801562066888,0.6106658823818377,1.3377258905031055,0.43586103707733326,0.8147698967836904,0.5277059651773938,1.014307350279531,0.7082095083784792,1.095534638608882,0.15248962215994732,0.37448103173532,0.5154577818159274,0.5226201477704489,0.972201548431982,1.1983721458106513,0.626696443258388,0.26296622525999824,0.519842787645584,0.8890625921857389,0.8701876241726926,0.7892095071678705
m1.C5,0.3630454408776074,0.614848725980557,0.3397813803084654,0.2590856942513252,0,0.19442990007970007,0.4060661172997394,0.5278661582553827,0.5290716307782699,0.5361415547168948,0.44048539513345264,0.5151219811368526,1.0800088588592618,0.6702631091115565,0.3702058692852179,0.2720003210003069,0.22434645196768777,0.22104462167817507,0.4967318822845458,1.219952138066227,0.9640947594381171,0.7801182104830039,0.8194386543106904,0.6013152770895632,0.9143148161400463,0.8491386397305001,0.42611548177099545,0.4124108383796222,0.967133583288332,0.7484253094277082,0.3874586810857187,0.5585882777337583,0.3125517365466859,0.7688663526216968,0.29860207109155934,0.5459078388969686,0.42322570382120084,0.8580445564834842,0.7432513447546424,1.359609566948984,0.9073991642534942,0.5448807198726029,0.1647086467048905,1.4275263243242022,0.21574744398934342,0.22837724221730038,0.9586906808302522,0.5745002276325436,0.8871834633592863,1.2057992990668571,0.40264262529161143,1.0342687898112668,0.5477623368059628,0.462689278647082,0.10673836540152526,1.0803188450794343,0.43320440006731853,0.8503831210921967,0.12825182235602728,0.15649438201248034,0.172343864126568,0.5577671588554305,1.0951051602547848,1.003378753772938,0.39567533608532024,0.2402203076159698,0.6044971534625996,1.0094571731463131,0.7680335092375558,0.6243799229368949
m1.C6,0.3123305608502348,0.46491412121990416,0.17982107531205793,0.17046387440583133,0.19442990007970007,0,0.1619665777945497,0.336820250163648,0.37127025520154777,0.40241505374991393,0.2289653241754993,0.25908350793433166,0.8131765115641111,0.35446737763965697,0.31606737507045435,0.1982382963171423,0.0562456079548419,0.2943094147440466,0.510391319585084,1.2452577563267064,0.9086553322295627,0.7522566372417875,0.8025331568876088,0.5006408585679596,0.8158022596253279,1.129719426022584,0.28138695169294603,0.3588287572873238,0.850379934760865,0.5542022016011642,0.23889305344608502,0.21633260702744395,0.07034344176981322,0.5633761295419026,0.12432087032951877,0.22955100877782653,0.3915465113275818,0.5900557320408881,0.492027515377201,1.171624325198648,0.7358532250253864,0.47723343704339427,0.06920100558966946,1.2873153708743088,0.14010966040153017,0.1253972053417144,0.8507414356296302,0.47998604751921714,0.7685413632812172,1.1049598974598993,0.4095242819474556,1.1369466414858207,0.5448530369001472,0.6647596872210901,0.17996302425426325,1.1165273629874302,0.4227286519122828,0.9113867023832029,0.07958485128494053,0.17853961836196253,0.09535623414843108,0.5674952020838306,1.1184961179854345,1.1121810659289948,0.3609652315877556,0.11832994663075225,0.5464173614181034,1.0187642711718015,0.892945526005971,0.522307844959322
m1.C7,0.404504717148501,0.6282715135886346,0.46227402646399773,0.45522643018516196,0.4060661172997394,0.1619665777945497,0,0.5101116140145647,0.3354077433416375,0.5573365848227111,0.4161315964952851,0.24575655850244416,0.6752250887876845,0.4594500828696695,0.49067809177863553,0.5252966172076814,0.18759375404721013,0.33445049324672416,0.5105297931751964,1.1568089341512733,0.8200378995081098,0.7258791358944959,0.6448002860646871,0.5014494928938134,0.7567033893212463,1.006105329598545,0.4516929275546011,0.4825687674312975,0.8240012660124676,0.4985262421198198,0.5669727045957227,0.24642655533427804,0.21145813147200243,0.7187845742739161,0.2071951724053679,0.18991395366166208,0.517720383690875,0.6282226255491535,0.3392033915437974,0.9926448426754291,0.7394778862965923,0.5737262800182278,0.29960483704300356,1.2476592389282506,0.427250132943931,0.33794336094294286,0.9439084714880727,0.5804764429888327,0.8922145561479445,1.054565248785572,0.6120308183752898,1.101109823143458,0.7305716757279153,0.7268497215396901,0.3680096511022881,1.0700871915033765,0.5678801224467116,0.9347621629599787,0.4057627726243034,0.41120564382801905,0.2468276766173222,0.7223031215692474,1.088689127449342,1.1371779686468306,0.5304297936119104,0.3845385656316608,0.6902948445270423,1.0090784236785793,0.9100003733842892,0.5249012512899462
m1.C8,0.9360838371227285,0.8019582810619408,0.31845189899092485,0.21002330162401217,0.5278661582553827,0.336820250163648,0.5101116140145647,0,0.36617978576377064,0.9353793086000446,0.31381003999822465,0.5358227665936921,0.267772073048148,0.47671327391622664,0.8441392373333158,0.24721274107760072,0.4282390338561559,0.7829598424229223,0.43132402604620634,0.6886082938139206,0.45882104879591745,0.3865759548058455,0.6838651231997385,0.6178258610349867,0.4934036775771875,0.9903104605320241,0.22846529250511816,0.9534379845622587,1.3258130586352976,1.1310028137858348,0.17248701204224026,0.5140274159168005,0.3837346723368572,0.08570662631069426,0.520544465646201,0.386899829577948,0.24712953198820176,0.2105997252914802,0.47829435731913816,0.5634881294255143,0.22925946149211351,1.0533565282542945,0.5296564452570158,1.428595705952202,0.4275122358896749,0.21339287433972975,0.23067753631859522,0.20766564719351854,0.39568662917387676,0.48696748123450406,1.3159930250061036,1.8959085414466723,0.054548871883628,0.4718039973404663,0.8235574373176215,0.31902015895683133,1.3848309996854513,1.7694526238651505,0.3796416337286853,0.3627915796715784,0.6491559796754702,0.10196272758730662,0.28402245126073755,1.8288242441055225,1.3106576194342539,0.2784020658378593,0.08843899736947236,0.22417002749074866,0.3105982517756315,0.3365848019112637
m1.C9,0.9265915012738973,1.1814830971291568,0.8043814777736009,0.6522629347337455,0.5290716307782699,0.37127025520154777,0.3354077433416375,0.36617978576377064,0,1.1144583662900158,0.7790271252210362,0.6381083844189509,0.46426612577901105,0.7794634025907061,1.0372614065047316,0.7347767872594464,0.4135498676025755,0.657096405057755,0.47265858013867246,0.6441980514423586,0.6388212218877771,0.5326078585680247,0.3516174970746583,0.28838323577669955,0.4683424225080852,0.5672696979131717,0.451304579224983,1.0017589615962983,1.4229278692254792,1.0238635530239861,0.6907975752759744,0.5146627212028811,0.5061220033733191,0.3801021785983062,0.6088520170373808,0.14601186374497477,0.5794027535672855,0.26949801710137666,0.18005188980250186,0.556158580342661,0.35348100437583474,1.0551033422423992,0.62649244762411,1.4656235398452744,0.4305109497458329,0.22587762360814367,0.5433869635620908,0.15034288461700296,0.33553145180283206,0.4377368340057657,1.1216375848408104,1.5050829421401577,0.31837112055184946,0.2277718647303909,0.4549865186434222,0.43675979184682445,1.081419497067024,1.470167507807677,0.4726602648276027,0.1961469851173676,0.2194947035432322,0.2505587725226224,0.47536169612948875,1.6131572575265938,1.04859908609214,0.29336253545845514,0.2495230288455521,0.4215274139208529,0.31940986764666934,0.06428668852531172
m2.C1,0.06868113522028718,0.07801638662151311,0.27921491292884515,0.46881721368082885,0.5361415547168948,0.40241505374991393,0.5573365848227111,0.9353793086000446,1.1144583662900158,0,0.3565811482229728,0.40394284714955186,1.378739278678829,0.45221498877720623,0.03929513164399634,0.46934515841829627,0.45690108182355416,0.34976065569739123,1.0629400730367082,1.8703841025240426,1.4922836622501214,1.4075248320134208,1.5135197629746961,1.1110407859499085,1.50778417369873,1.463780971193989,0.910532645988887,0.043338182519806256,0.190671404122838,0.15127412777098137,0.5266013657948552,0.5125115382502626,0.3817596674947089,1.2078888198589584,0.34253951589389253,0.8370502189974149,0.9527922412672897,1.3177571384856925,1.1188370135374064,1.664660485247626,1.4139204341298561,0.07311730768152969,0.19656223850973586,0.6352087255000576,0.39588246249312187,0.7159671841994517,1.5197837552962854,1.2654357477167033,1.3159474549706502,1.7424761531450188,0.05152661325189545,0.3188131383090177,1.4311177953186798,1.3836276286186147,0.4886808395238649,1.8738037577144,0.06435152459160265,0.15713708260221737,0.621928460416467,0.9306045661405944,0.6960022734161566,1.4787654977832212,1.870989708446562,0.23134548757052642,0.06592830368324887,0.8708253182176651,1.4884505800108008,1.829275933319816,1.6761893401521586,1.4809139421164665
m2.C2,0.37907315910769246,0.26010487611317845,0.05461023146420174,0.13938104076583147,0.44048539513345264,0.2289653241754993,0.4161315964952851,0.31381003999822465,0.7790271252210362,0.3565811482229728,0,0.1718093050353804,0.660783302112222,0.14582528646160087,0.27344304856846424,0.1003271210759249,0.25569232135847053,0.5080290146162176,0.5356772443082419,1.315743069509288,0.774726859264079,0.9193272714368567,1.1589321647713318,0.8767592348766144,0.893340285684441,1.286912349279177,0.4372202173885621,0.3729229871233628,0.708969603045071,0.5329804831078759,0.08798319802036414,0.2612218945427828,0.13101205362511292,0.4937716107514889,0.184150790002944,0.48006575114809624,0.33276898379120423,0.6342142802178685,0.6925619350241838,1.0663921507747869,0.6935438209247818,0.47527292959208245,0.210112518492507,1.0711823915205039,0.4161513118879814,0.39517044232311804,0.787334047135487,0.7427391001843258,1.0092404004247089,1.1950944531366072,0.5162864466976114,1.1389303744402473,0.7355193887576275,1.1577033999384683,0.6510953956893546,1.2987693702075858,0.5796422095049681,0.8806963484912741,0.3259423904055391,0.6810394490537597,0.6918349196621763,0.8566689359081076,1.2466164974209828,1.0146300825922214,0.5172888821258199,0.4384845419534559,0.7909709008053526,1.1523735737079979,1.2273931229840405,1.0549729798852157
m2.C3,0.35475805999999344,0.41395422791577585,0.30447657747785084,0.4081976945938025,0.5151219811368526,0.25908350793433166,0.24575655850244416,0.5358227665936921,0.6381083844189509,0.40394284714955186,0.1718093050353804,0,0.6983631528736113,0.1633772756770756,0.35284630765195146,0.3726030267327197,0.20317613857836403,0.5013550753462401,0.3766222913481925,1.315804662741232,0.7887291718648003,1.0683113784795846,1.0265332478086193,0.6453554246827712,0.8784776266696032,1.0234852612722813,0.6617360191676224,0.3830608292573918,0.6082634144675809,0.36994458207334335,0.38023744960520645,0.13548175854784117,0.0923079116598261,0.6867065410811382,0.09113060144381435,0.29681896043488376,0.4306436774377226,0.706623338518168,0.3998441713368476,0.9916314971876711,0.6839094342423309,0.47353066880848305,0.28650497802039754,1.0968283613106435,0.5276101708851519,0.4857267587890244,0.9768408617128324,0.8061537717528373,1.130886910196165,1.2293201571286285,0.5254162281507164,0.9895385158253429,0.9542381241514031,1.1650314538976247,0.6088221300094288,1.3568891711643547,0.5087781456309788,0.7693314555109765,0.5157574175074637,0.7249160421013542,0.5529530073229503,1.0144525216897045,1.3398902829798254,0.9620424418716896,0.47100627855969335,0.5526773499019286,0.9303584399556601,1.2484507314827515,1.2968467788637459,0.9132521526926894
m2.C4,1.357004396725768,1.1826069484567037,0.8408436892334975,0.7227044332810095,1.0800088588592618,0.8131765115641111,0.6752250887876845,0.267772073048148,0.46426612577901105,1.378739278678829,0.660783302112222,0.6983631528736113,0,0.6759194174481018,1.3239103730824233,0.7736209059755512,0.8348993738757904,1.2096004198838817,0.5252220780158745,0.40942996566206513,0.23668231439704912,0.4690371160744997,0.5675373677870535,0.7844485636651648,0.3724038222715208,0.7980155327824805,0.5417608096485214,1.381877813540538,1.4801224237954573,1.2690087987548833,0.6352789196982156,0.7054253696520306,0.7659065792475696,0.15773675350093852,0.8753831631749619,0.4564894977927968,0.440324236713752,0.1594619764701234,0.34620709104720004,0.11847731771372927,0.11355808118579458,1.3854251964462967,1.0905356656352359,1.2648046314702257,1.007304346767676,0.6742439216396712,0.22190529677910387,0.3886935349011572,0.49590240947073594,0.2580884424659121,1.7711803249401281,1.851663188508764,0.40661760383089074,0.7402166944769977,1.3789324339988438,0.23139796822362735,1.772644875333597,1.8597357063826565,1.0493670903903685,0.9205616604582921,1.1293114070606314,0.42174056419638084,0.20767434466331702,1.8687256695178547,1.733972145991964,0.8218308147252363,0.36264833176959166,0.19270132687612263,0.4245408166737381,0.475583663190301
m2.C5,0.47201116821756894,0.419287770664592,0.2432102041888048,0.3939198622872967,0.6702631091115565,0.35446737763965697,0.4594500828696695,0.47671327391622664,0.7794634025907061,0.45221498877720623,0.14582528646160087,0.1633772756770756,0.6759194174481018,0,0.4129793199802022,0.31885717178945916,0.34707022014398237,0.5959679239615867,0.6287773437890501,1.2512264537704267,0.8154870904911402,1.09014951631496,1.0971126352750953,0.6647346992061683,0.92179189182958,1.262224824427339,0.6172785357395634,0.46584748406373133,0.7260196600659221,0.5495480001660095,0.26631075973140883,0.10624952582163816,0.1867332310232126,0.5727923554021367,0.29181082996644214,0.44279933763463264,0.5012841261001845,0.627221270449428,0.6529470735536475,1.0011900853618991,0.7187244400635064,0.5649900045337565,0.3542576867388607,1.0938133940606254,0.5775987706108276,0.5165971206164117,0.8389938107803607,0.7979199755169153,1.0852879027076276,1.1761753593004374,0.6377374326658145,1.088466409668926,0.8727056539397657,1.1878951138041887,0.7658566022501485,1.2819654002010672,0.6531057442541687,0.8863287418961325,0.5433264585580209,0.8161729471579818,0.7368747816410177,0.9628104841725335,1.230438994426152,1.0241263811870283,0.6166646377211158,0.5995712719340069,0.8898275820037819,1.166478451426994,1.2540817807253781,0.9875558544649391
m3.C1,0.031185049551514132,0.07706143887128969,0.20837478068840187,0.3485595949821395,0.3702058692852179,0.31606737507045435,0.49067809177863553,0.8441392373333158,1.0372614065047316,0.03929513164399634,0.27344304856846424,0.35284630765195146,1.3239103730824233,0.4129793199802022,0,0.36187687153704684,0.3794830960463321,0.27720479324116354,0.9432580363044186,1.8290935110530322,1.411123652608699,1.3374923239299936,1.4607591065403196,1.0647750812549588,1.41998041250717,1.3948445846137791,0.7803777737563528,0.02210089198472054,0.27873498557866483,0.19032357062375604,0.4405685322655615,0.4732165101261465,0.3063811692003272,1.1327650155015407,0.24681965274761242,0.7667628527444521,0.7988276881223183,1.2413689796841347,1.0665516874539178,1.6476988275126867,1.3408849476679783,0.07443618486656411,0.1295814549664599,0.7494756836449472,0.3559184990420021,0.6282379949091497,1.4489107512034438,1.187091642304847,1.3152730301192506,1.724964966394404,0.010747434990590832,0.36054280542765293,1.334513662778614,1.2669961665123992,0.37908382597984824,1.8438658591391208,0.031346349135373375,0.1772316900977502,0.5033410141715025,0.8099464937998966,0.6010704552197876,1.3873822424674782,1.8398629764600978,0.28569054009668704,0.024566879620144255,0.7600409403537702,1.395763698549749,1.7847955741635038,1.6107649586580757,1.4083009646714073
m3.C2,0.4950763663832699,0.41498709615532525,0.052227119475730444,0.0623837230857357,0.2720003210003069,0.1982382963171423,0.5252966172076814,0.24721274107760072,0.7347767872594464,0.46934515841829627,0.1003271210759249,0.3726030267327197,0.7736209059755512,0.31885717178945916,0.36187687153704684,0,0.22293638984203035,0.5046458009273134,0.4932852302241729,1.1490274170011534,0.7247297871373328,0.7139016212687151,0.9884429118004355,0.7611352430381424,0.7880713197820319,1.2536963752388326,0.29754430927340325,0.49521340611242803,0.92984505987801,0.8039939755473755,0.03341898384907793,0.3866797781527994,0.18289160270848825,0.44339728762711617,0.26300544816365956,0.5686179713940893,0.2431152727068946,0.6205136006613272,0.8020976578002795,1.167908403045856,0.6949312608395535,0.6428258222502802,0.17925877498181486,1.331266238834415,0.3069764750603152,0.2433012869255866,0.6389904461470609,0.5666749216811179,0.8749828279336804,1.0999428089974812,0.5982304138887471,1.3396824265915783,0.4341593086656764,0.8561350554695949,0.5282122105919135,1.0412585809873152,0.6902641655972441,1.0894300126159926,0.1407734306175893,0.4048165765469455,0.53623547984943,0.538781144449673,0.9948003043595941,1.1983735391321746,0.6145070250913486,0.23966440482562512,0.517058975366105,0.9011896131486826,0.9121746859969087,0.8210597342083854
m3.C3,0.36750369442606623,0.5746344692178862,0.25937746024508734,0.2860984326728885,0.22434645196768777,0.0562456079548419,0.18759375404721013,0.4282390338561559,0.4135498676025755,0.45690108182355416,0.25569232135847053,0.20317613857836403,0.8348993738757904,0.34707022014398237,0.3794830960463321,0.22293638984203035,0,0.32368520752318486,0.38021172076123255,1.1582780124149579,0.7490334546972961,0.792682489950882,0.6830270031880876,0.43058587251432534,0.7111468620489441,1.0189510445952206,0.3831078199841843,0.4186475156150081,0.8951187309814852,0.584363120608488,0.28737691519014197,0.15628929262222113,0.05497313906880141,0.6078864328150734,0.12111588231759407,0.23172396845625287,0.35162294480486245,0.6086147272831307,0.43662554051166735,1.169402887417413,0.7358621132651688,0.5701966858583808,0.10392132268703291,1.3973327750067306,0.2435789910024474,0.15307622165720525,0.8499190355237813,0.4927752668967187,0.8886944230027017,1.1172336196722297,0.4432492844547812,1.1534817936880857,0.5707001073401454,0.7409417894144615,0.24324114546252074,1.1317781462582635,0.4468190201491208,0.9179552319615031,0.1212901394822471,0.23694267884498754,0.1378396139379795,0.6042976307035601,1.1337972258549303,1.127527267675702,0.384819120228717,0.1329976183594176,0.5593286650290252,1.0214773669036763,0.9487121618451104,0.5433114756744354
m3.C4,0.20013071322737586,0.5329870881786198,0.4389111296968743,0.5375942685141074,0.22104462167817507,0.2943094147440466,0.33445049324672416,0.7829598424229223,0.657096405057755,0.34976065569739123,0.5080290146162176,0.5013550753462401,1.2096004198838817,0.5959679239615867,0.27720479324116354,0.5046458009273134,0.32368520752318486,0,0.758878069659475,1.4346662771939989,1.2180942890216435,0.9523036715069279,0.9681096567983802,0.6471861194714876,1.1528521263696963,0.8990420083382535,0.6688148213451586,0.22834999076238205,0.7485112794536235,0.5013317327467179,0.5638327752830629,0.4958850568075529,0.38917093376313483,1.0237116249244511,0.4111440449790058,0.6238063381656536,0.8265731345953887,1.0390064975076545,0.8253397483471844,1.4943274921648186,1.1670575439358557,0.36007727828718883,0.20311466121947297,1.2072295398374315,0.3276105399032455,0.4186829228058706,1.274686574761448,0.8134928593833083,1.0686997784153367,1.41373232667863,0.2620941647411381,0.7285331191608307,0.8519275713110793,0.5880520026440001,0.07596616315860738,1.3152679122102366,0.25024038442178287,0.5836097349460869,0.3078354888793222,0.36432863120759074,0.2526436700121656,0.8493015446355137,1.3392739271959841,0.7210517639133248,0.2541023895510811,0.466725366230743,0.9107152386890611,1.2768455066933404,0.9607359073947854,0.8381150111045983
m3.C5,0.9541784783577997,1.0835470217223935,0.6535731627924466,0.5903609452072187,0.4967318822845458,0.510391319585084,0.5105297931751964,0.43132402604620634,0.47265858013867246,1.0629400730367082,0.5356772443082419,0.3766222913481925,0.5252220780158745,0.6287773437890501,0.9432580363044186,0.4932852302241729,0.38021172076123255,0.758878069659475,0,0.61786264137472,0.34795597639046594,0.5138577562345368,0.572778014090519,0.39048297941630306,0.35414910084719964,0.5147799538302649,0.5660055791895533,1.0101958347809403,1.2822524449279378,1.090105860058136,0.5236841624991719,0.5071749700086545,0.3783500332555204,0.4750456766191353,0.3922537531500184,0.41383572755259945,0.26649003867650445,0.4676720291593016,0.2771657702596625,0.6492775920341127,0.304508350189841,1.166586583915841,0.6598116811994192,1.6866494453081617,0.7702819384607408,0.4454752441580855,0.5027571062428035,0.4407948650317024,0.8866103600569715,0.7181687192631765,1.0483693859105636,1.5501590326981178,0.4196028155957162,0.6842006652424107,0.7059166098091356,0.6883373213503039,1.057974425449575,1.391235270392968,0.4813348470062154,0.4895116955806762,0.5735809580765076,0.46163462149230927,0.675867460277173,1.5390390208701636,1.0096543989274092,0.40701504189011306,0.41137777997310976,0.5927509432812366,0.6549107237768252,0.4972904880844323
m3.C6,1.8339852292737886,1.839517725778974,1.3876597967684003,1.2196499760599893,1.219952138066227,1.2452577563267064,1.1568089341512733,0.6886082938139206,0.6441980514423586,1.8703841025240426,1.315743069509288,1.315804662741232,0.40942996566206513,1.2512264537704267,1.8290935110530322,1.1490274170011534,1.1582780124149579,1.4346662771939989,0.61786264137472,0,0.2355294205057713,0.301938303178786,0.26007886515961787,0.5934154219944705,0.22528709777265188,0.5569845441389676,0.7625516763196393,1.8683141887319752,1.9131649423644963,1.865024815258466,1.087309631350693,1.1460007056465802,1.2518334713672605,0.4693703627288781,1.380133412907403,0.8818405560214126,0.7161316976191012,0.3848711531027327,0.6494987629462771,0.2819616404820209,0.33370793955187583,1.935658760317136,1.4948534966404408,1.6806000001381074,1.337432420433345,0.8812620312222315,0.1957225289718112,0.39296843605402876,0.549090160814382,0.14163484939355098,1.8126578427912134,1.9374829072725857,0.22231104408539237,0.4832852950771397,1.2506334701009223,0.056626407623929786,1.8225602242321164,1.9738849668260805,0.9418582822323094,0.7187599944696507,0.993124240868503,0.2153690249655461,0.04283003832289023,1.96540736410536,1.787497838150085,0.7019750324872729,0.19508192281202985,0.03588539335004859,0.18849766896964393,0.2955421070456915
m3.C7,1.463173154832934,1.405170176021193,0.9493652759557375,0.8365512236822572,0.9640947594381171,0.9086553322295627,0.8200378995081098,0.45882104879591745,0.6388212218877771,1.4922836622501214,0.774726859264079,0.7887291718648003,0.23668231439704912,0.8154870904911402,1.411123652608699,0.7247297871373328,0.7490334546972961,1.2180942890216435,0.34795597639046594,0.2355294205057713,0,0.4296423695309396,0.31579363226185153,0.6877790726865796,0.18769079145569711,0.6922651342844852,0.6184768954315142,1.5012761788346283,1.6376259680984118,1.480199221576039,0.6989245992364803,0.7453820315067844,0.8089911992451919,0.31989956968503763,0.9188226475553142,0.6341289378221058,0.3165653028369776,0.30567786145774356,0.4814488933918153,0.3326970891383295,0.2635149707881048,1.5963025073484896,1.1059621106823028,1.6052584301694854,1.1493811296185616,0.6832933944565842,0.21262866061844288,0.41051328295931844,0.7530267932229482,0.3601662546810005,1.5262002492882263,1.7892666740924446,0.35542973452826376,0.748938663882961,1.1802988593553296,0.3816937607522134,1.5431672906335026,1.7198475172041037,0.8057923035241823,0.7566876363927344,0.9542498043665981,0.39849061743965875,0.35757835216634826,1.766581372111526,1.489853277443071,0.6244452122426909,0.3359734024841806,0.306006114412384,0.514143558653009,0.49882174692937487
m3.C8,1.3748114646436702,1.3772218604100184,0.8695253019214935,0.718874184860517,0.7801182104830039,0.7522566372417875,0.7258791358944959,0.3865759548058455,0.5326078585680247,1.4075248320134208,0.9193272714368567,1.0683113784795846,0.4690371160744997,1.09014951631496,1.3374923239299936,0.7139016212687151,0.792682489950882,0.9523036715069279,0.5138577562345368,0.301938303178786,0.4296423695309396,0,0.39288088335494586,0.5637409739870842,0.3055277653954267,0.8450689231975169,0.3482166671053649,1.4212507361492581,1.6491881245997302,1.601224468025901,0.6995502889430719,0.9814891613847321,0.8670890690120631,0.4280395739360544,0.9524238335409844,0.7409438674957334,0.5410014630500837,0.40719421256826116,0.6499445586346411,0.593677954104451,0.40334321278955254,1.5494254695121399,0.9963059512762188,1.7106785041214907,0.9034688085728982,0.5494472955256728,0.2565696275446304,0.32097862801506316,0.5279210369823246,0.39682449528101293,1.4125857849859367,1.8030717305894268,0.19927724092253496,0.4708529989330139,0.9034602308182003,0.29284940345413846,1.4510168932831806,1.746145209294025,0.6031224324702877,0.5104242107577415,0.7551687747344141,0.21457757567512692,0.275503255078803,1.7761748330384122,1.4011668161242672,0.4929722597745798,0.22159091171388534,0.2466944920972386,0.28065799481473586,0.3824630004315005
m3.C9,1.374681331499916,1.627347339879174,1.1961950698722446,1.0361798459963418,0.8194386543106904,0.8025331568876088,0.6448002860646871,0.6838651231997385,0.3516174970746583,1.5135197629746961,1.1589321647713318,1.0265332478086193,0.5675373677870535,1.0971126352750953,1.4607591065403196,0.9884429118004355,0.6830270031880876,0.9681096567983802,0.572778014090519,0.26007886515961787,0.31579363226185153,0.39288088335494586,0,0.36041087823849205,0.2864026520252504,0.615162093627825,0.6339039058797491,1.4588056805065726,1.7030544798631948,1.4781208868198552,1.0214057974366695,0.7772070250983556,0.9053894213832349,0.6005906546688212,1.022368254515235,0.5478528417855689,0.6191066058892568,0.45256759260722,0.4812380633515294,0.5964042569494863,0.5496815377835869,1.5630357775733126,1.0397109916389256,1.7268222306411647,0.9374635584843772,0.543737396419286,0.4443561786351342,0.287793874052534,0.58829645788646,0.3787218646909186,1.324478982231097,1.6763934340502837,0.2628644289209774,0.35424937584256033,0.7198572770361875,0.3358527527458015,1.2975524616706573,1.6297516950163993,0.5759886159285665,0.34588958404380643,0.4355535522137578,0.22557846707613427,0.3556501630670996,1.7310321551078587,1.251238229177812,0.36850002721306163,0.210757851839242,0.3024271405522607,0.30787516120843406,0.12412598159317867
m3.C10,0.9772559157267571,1.3063213489621197,0.8671634588645418,0.8505100071846189,0.6013152770895632,0.5006408585679596,0.5014494928938134,0.6178258610349867,0.28838323577669955,1.1110407859499085,0.8767592348766144,0.6453554246827712,0.7844485636651648,0.6647346992061683,1.0647750812549588,0.7611352430381424,0.43058587251432534,0.6471861194714876,0.39048297941630306,0.5934154219944705,0.6877790726865796,0.5637409739870842,0.36041087823849205,0,0.4741499066129887,0.6264681651019492,0.6417608758101435,1.0444146929937514,1.3793661617319546,1.176673033672016,0.7688200700679314,0.41190458142775166,0.503974482807419,0.6505951633774256,0.6297603481912262,0.388844862019312,0.6880708246238272,0.5109845226641625,0.3947933038030731,0.8428745225648229,0.5568569618215129,1.2186496460708527,0.6788947601747474,1.7721451647558952,0.6402263790215095,0.3603330737472853,0.6128828420517441,0.32269710492216497,0.6930735871022137,0.6673639191645816,0.9423673328763299,1.4830487021268195,0.34801288699194133,0.4106654277534161,0.42510585920155985,0.6349502789119635,0.9206186215018,1.3649125841913392,0.34299393867360706,0.23396074166811165,0.23725871370832086,0.3331585132740452,0.6388946659877679,1.5354235819561504,0.8842462633412904,0.23998308660568213,0.3166140954040778,0.5757569170594479,0.50645394533211,0.21290988830947655
m3.C11,1.4282620984667054,1.4829470478458124,1.002444868679917,0.8815655891860684,0.9143148161400463,0.8158022596253279,0.7567033893212463,0.4934036775771875,0.4683424225080852,1.50778417369873,0.893340285684441,0.8784776266696032,0.3724038222715208,0.92179189182958,1.41998041250717,0.7880713197820319,0.7111468620489441,1.1528521263696963,0.35414910084719964,0.22528709777265188,0.18769079145569711,0.3055277653954267,0.2864026520252504,0.4741499066129887,0,0.7265763603730855,0.5703404418357676,1.4850464177180558,1.6734704995696768,1.4707761839782614,0.7855009391178723,0.7295227079307556,0.7749569220876679,0.3969826430070289,0.8717070631354031,0.539736722004813,0.5122744483841528,0.20996192859508434,0.43812013645163084,0.40439995279380136,0.2964937095185103,1.598548620005471,1.0540742342174798,1.6845962510208572,1.084670402879663,0.5882337546063858,0.2572859752641651,0.3167141232455567,0.709438406741639,0.3411339093830811,1.4619279871574782,1.7756982467409497,0.27838699744590745,0.5931855569709701,0.9986386404245431,0.3309190560791704,1.4664597164078075,1.7335486190216738,0.6873482257594614,0.5778124800351427,0.7377408769247134,0.3002495243825706,0.3219241470472163,1.828342901540156,1.4145099464909916,0.47462408453491867,0.2322617588489999,0.2741637145019822,0.43116850388533623,0.3054666646465878
m3.C12,1.2688800785348002,1.5734292300196873,1.397537953040132,1.2970425656621885,0.8491386397305001,1.129719426022584,1.006105329598545,0.9903104605320241,0.5672696979131717,1.463780971193989,1.286912349279177,1.0234852612722813,0.7980155327824805,1.262224824427339,1.3948445846137791,1.2536963752388326,1.0189510445952206,0.8990420083382535,0.5147799538302649,0.5569845441389676,0.6922651342844852,0.8450689231975169,0.615162093627825,0.6264681651019492,0.7265763603730855,0,1.1183221670203507,1.3027237211171645,1.5037415034339106,1.2881097147303113,1.2129664323760105,1.1320397628804137,1.117956709499702,0.8301182021895613,1.134159205069193,0.7957798607690469,0.9273807563103164,0.7846365818547689,0.505258886567902,0.5809897512120314,0.5749931017772887,1.318764768342993,1.2108026188994372,1.4131065295060825,1.0584829968921852,0.8869352407942193,0.8446788843927461,0.6474409610535128,0.7508170380332561,0.5902973961126616,1.2135896602994065,1.2351622083534926,0.6703721824385092,0.38079792306098115,0.7073145049051459,0.575797122104144,1.1670242961379576,1.277856249890476,0.9164019523482485,0.6335709037492115,0.7026767359963757,0.6083387289694857,0.6181969078522557,1.3230937130450457,1.1939473395606188,0.8267077286579384,0.6526285814283781,0.5984760769838608,0.4596506526885836,0.5317657977296385
m3.C13,0.8380445068670894,0.8542684612332672,0.3906629263553103,0.24323894873936125,0.42611548177099545,0.28138695169294603,0.4516929275546011,0.22846529250511816,0.451304579224983,0.910532645988887,0.4372202173885621,0.6617360191676224,0.5417608096485214,0.6172785357395634,0.7803777737563528,0.29754430927340325,0.3831078199841843,0.6688148213451586,0.5660055791895533,0.7625516763196393,0.6184768954315142,0.3482166671053649,0.6339039058797491,0.6417608758101435,0.5703404418357676,1.1183221670203507,0,0.8805648259249959,1.3666109201414882,1.1154798698671546,0.28424292371968407,0.5497346098489029,0.3957474265341494,0.30166797322199923,0.48305674795794373,0.3800319561245462,0.23907165712820555,0.3467423597551246,0.5563686240485797,0.8234658486205833,0.47974284428129543,0.9353656079663776,0.3992048224428436,1.4860902902032904,0.41728066341730274,0.22647690881314853,0.44454666524179376,0.33572888661253963,0.5894974752975708,0.7465496429220713,0.9911885599616641,1.6177758829153253,0.2641584135736583,0.5954846580300059,0.637700994858181,0.6324362098850569,1.0383297577069355,1.4472150715592744,0.2980398993808968,0.3401567054446515,0.4743515331536702,0.3042057625372644,0.6026715998223966,1.556272564059545,0.9629105192458063,0.2584161470864579,0.2884352006945825,0.5391887773625854,0.5262541613130902,0.43161218788185607
m4.C1,0.0075010587107113835,0.1268889350652651,0.3175691902012181,0.4773335045466741,0.4124108383796222,0.3588287572873238,0.4825687674312975,0.9534379845622587,1.0017589615962983,0.043338182519806256,0.3729229871233628,0.3830608292573918,1.381877813540538,0.46584748406373133,0.02210089198472054,0.49521340611242803,0.4186475156150081,0.22834999076238205,1.0101958347809403,1.8683141887319752,1.5012761788346283,1.4212507361492581,1.4588056805065726,1.0444146929937514,1.4850464177180558,1.3027237211171645,0.8805648259249959,0,0.2610426618025615,0.13077147855008653,0.5614459722079318,0.49140786076333576,0.3620348052632386,1.2193269740165635,0.30411409260572586,0.7532440105275872,0.9368955935563739,1.2887558625712159,1.037968761033179,1.6584925449656889,1.4014823340297125,0.03391791152562773,0.16526055066278866,0.688877792167216,0.36837081510822245,0.6731831614684534,1.5640962929351354,1.2235373417491968,1.314311211797706,1.7436101515929792,0.009092002247048092,0.267920263428687,1.408924474180534,1.2042937825037117,0.3321464930319329,1.8479343410863094,0.004010012904898219,0.12359650263197586,0.579349297934071,0.817933981464994,0.5627917355552523,1.4334894055440752,1.8603090687550936,0.2317954138898365,0.014325422692354262,0.8197660201893221,1.452476090966471,1.8143289718216826,1.5927258487932912,1.3763791074880876
m4.C2,0.29027574534575773,0.1988530665718743,0.6779293580341785,0.8702249613199025,0.967133583288332,0.850379934760865,0.8240012660124676,1.3258130586352976,1.4229278692254792,0.190671404122838,0.708969603045071,0.6082634144675809,1.4801224237954573,0.7260196600659221,0.27873498557866483,0.92984505987801,0.8951187309814852,0.7485112794536235,1.2822524449279378,1.9131649423644963,1.6376259680984118,1.6491881245997302,1.7030544798631948,1.3793661617319546,1.6734704995696768,1.5037415034339106,1.3666109201414882,0.2610426618025615,0,0.15372586932359977,1.0002539688523386,0.830996260617222,0.7646443142474617,1.5627669169828193,0.6094481465215322,1.1492887865640036,1.2795953912787832,1.6256974957879906,1.2961293553663433,1.5980264391283776,1.5951575786791992,0.1589726802523469,0.6317969407999302,0.2888369635029102,0.846302053531687,1.264059501849425,1.7816841925857436,1.71103771481594,1.5740236973302737,1.8567218003713328,0.3038324039590343,0.1432671066954475,1.8475806811627975,1.7401796204606492,0.9728185481424814,1.9547293903063332,0.2902912439851709,0.09086442509990644,1.1875718615059663,1.4607745203230809,1.1680100609845805,1.8738907297029028,1.9559704587996753,0.09868146699388491,0.3178097010088783,1.401070783625972,1.859294135403208,1.9636240508007725,1.929521806892287,1.7723675793489442
